2500 1200
250 1050
G 0 0 1150 1400 50 red.png 0 0 0
G 0 500 1000 200 150 red.png 0 0 0
G 0 1400 1000 350 200 red.png 0 0 0
G 0 1800 1000 50 200 red.png 0 0 0
G 0 1950 1050 50 150 red.png 0 0 0
G 0 2100 1100 50 100 red.png 0 0 0
G 0 2250 1050 50 150 red.png 0 0 0
G 0 2400 1000 100 200 red.png 0 0 0

G 0 1250 750 100 75 red.png 0 0 0
G 0 1350 650 100 175 red.png 0 0 0
G 0 1450 700 50 125 red.png 0 0 0
G 0 1500 750 50 75 red.png 0 0 0
G 0 1550 800 50 25 red.png 0 0 0

G 0 0 600 1400 50 red.png 0 0 0

G 0 0 450 75 200 red.png 0 0 0
G 0 0 200 75 25 red.png 0 0 0
G 0 175 335 75 25 red.png 0 0 0
G 0 175 100 75 25 red.png 0 0 0

G 0 250 100 50 350 red.png 0 0 0
G 0 300 350 2050 50 red.png 0 0 0
G 0 1700 400 50 300 red.png 0 0 0
G 0 1850 500 650 50 red.png 0 0 0
G 0 1700 700 800 50 red.png 0 0 0

E 1 850 1100 50 50 enemy1.png 1 700 1400
E 1 1050 1100 50 50 enemy1.png 1 700 1400
E 1 1250 1100 50 50 enemy1.png 1 700 1400

G 0 400 1075 100 75 blue.png 0 0 0

P 1 650 279 50 71 enemy2.png 1 300 2350
P 1 1100 279 50 71 enemy2.png 1 300 2350
P 1 1800 279 50 71 enemy2.png 1 300 2350

H 0 1270 670 50 50 Loofa.png 1
H 0 2420 900 50 75 Loofa.png 1

D 0 2400 700 50 50 door.png