5000 700
0 0
G 0 0 500 100 200 red.png 0 0 0
G 0 100 575 50 125 red.png 0 0 0
G 0 150 650 450 50 red.png 0 0 0
G 0 200 325 400 50 red.png 0 0 0
G 0 600 250 150 450 red.png 0 0 0
G 0 750 500 1250 200 red.png 0 0 0
G 0 1050 250 150 50 red.png 0 0 0
G 0 1500 250 150 50 red.png 0 0 0
G 0 2000 250 400 450 red.png 0 0 0
G 0 2700 250 50 50 red.png 0 0 0
G 0 3050 250 100 50 red.png 0 0 0
G 0 3450 250 100 50 red.png 0 0 0
G 0 3850 250 250 450 red.png 0 0 0
G 0 2700 250 50 50 red.png 0 0 0
G 0 4100 650 25 50 red.png 0 0 0
G 0 4225 650 25 50 red.png 0 0 0
G 0 4250 0 750 350 red.png 0 0 0
G 0 4250 475 750 225 red.png 0 0 0


E 1 1500 200 50 50 enemy1.png 1 1500 1650
E 1 3450 200 50 50 enemy1.png 1 3450 3550

H 0 525 575 75 75 green.png 1
H 0 750 325 150 175 green.png 1
H 0 3975 150 125 100 green.png 1

D 0 4950 425 50 50 door.png